0.10000000000000001 1
0.20000000000000001 1
0.30000000000000004 1
0.40000000000000002 1
0.5 2
0.59999999999999998 2
0.69999999999999996 2
0.79999999999999993 2
0.89999999999999991 2
0.99999999999999989 3
1.0999999999999999 3
1.2 3
1.3 3
1.4000000000000001 3
1.5000000000000002 4
1.6000000000000003 4
1.7000000000000004 5
1.8000000000000005 5
1.9000000000000006 5
2.0000000000000004 6
2.1000000000000005 7
2.2000000000000006 8
2.3000000000000007 8
2.4000000000000008 9
2.5000000000000009 10
2.600000000000001 11
2.7000000000000011 12
2.8000000000000012 13
2.9000000000000012 14
3.0000000000000013 15
3.1000000000000014 16
3.2000000000000015 17
3.3000000000000016 18
3.4000000000000017 19
3.5000000000000018 20
3.6000000000000019 20.05
3.700000000000002 20.0999
3.800000000000002 20.1496
3.9000000000000021 20.1993
4.0000000000000018 20.1993
4.1000000000000014 20.2488
4.2000000000000011 20.2981
4.3000000000000007 10
4.4000000000000004 10
4.5 10
4.5999999999999996 10
4.6999999999999993 10
4.7999999999999989 10
4.8999999999999986 10
4.9999999999999982 10
5.0999999999999979 10
5.1999999999999975 10
5.2999999999999972 10
5.3999999999999968 10
5.4999999999999964 10
5.5999999999999961 10
5.6999999999999957 10
5.7999999999999954 10
5.899999999999995 10
5.9999999999999947 10
6.0999999999999943 1
6.199999999999994 1
6.2999999999999936 1
6.3999999999999932 2
6.4999999999999929 2
6.5999999999999925 2
6.6999999999999922 2
6.7999999999999918 3
6.8999999999999915 3
6.9999999999999911 3
7.0999999999999908 3
7.1999999999999904 4
7.2999999999999901 5
7.3999999999999897 5.2
7.4999999999999893 5.2
7.599999999999989 5.2
7.6999999999999886 5.39231
7.7999999999999883 5.57776
7.8999999999999879 5.57776
7.9999999999999876 5.75704
8.0999999999999872 5.75704
8.1999999999999869 6.09935
8.2999999999999865 6.09935
8.3999999999999861 6.09935
8.4999999999999858 6.26331
8.5999999999999854 6.26331
8.6999999999999851 6.57866
8.7999999999999847 6.73066
8.8999999999999844 6.73066
8.999999999999984 6.73066
9.0999999999999837 6.87924
9.1999999999999833 7.16696
9.2999999999999829 7.16696
9.3999999999999826 7.30649
9.4999999999999822 7.30649
9.5999999999999819 7.30649
9.6999999999999815 7.5777
9.7999999999999812 7.70967
9.8999999999999808 7.70967
9.9999999999999805 7.70967
10.09999999999998 7.83937
10.19999999999998 7.96694
10.299999999999979 8.09245
10.399999999999979 8.21603
10.499999999999979 8.21603
10.599999999999978 8.21603
10.699999999999978 8.33774
10.799999999999978 8.45768
10.899999999999977 8.69252
10.999999999999977 8.69252
11.099999999999977 8.80756
11.199999999999976 8.80756
11.299999999999976 8.80756
11.399999999999975 8.9211
11.499999999999975 9.14389
11.599999999999975 9.25326
11.699999999999974 9.25326
11.799999999999974 9.36133
11.899999999999974 9.36133
11.999999999999973 9.46815
12.099999999999973 9.57377
12.199999999999973 9.78154
12.299999999999972 9.78154
12.399999999999972 9.78154
12.499999999999972 9.88378
12.599999999999971 9.88378
12.699999999999971 9.98495
12.799999999999971 10.0851
12.89999999999997 10.2825
12.99999999999997 10.2825
13.099999999999969 10.2825
13.199999999999969 10.3797
13.299999999999969 10.3797
13.399999999999968 10.476
13.499999999999968 10.6661
13.599999999999968 10.7599
13.699999999999967 10.8528
13.799999999999967 10.8528
13.899999999999967 10.8528
13.999999999999966 10.8528
14.099999999999966 11.0363
14.199999999999966 11.1269
14.299999999999965 11.3059
14.399999999999965 11.3059
14.499999999999964 11.3944
14.599999999999964 11.3944
14.699999999999964 11.3944
14.799999999999963 11.4821
14.899999999999963 11.5692
14.999999999999963 11.6557
15.099999999999962 11.8266
15.199999999999962 11.8266
15.299999999999962 11.8266
15.399999999999961 11.9112
15.499999999999961 11.9112
15.599999999999961 11.9951
15.69999999999996 12.0785
15.79999999999996 12.2435
15.899999999999959 12.3252
15.999999999999959 12.3252
16.099999999999959 12.3252
16.19999999999996 12.4063
16.299999999999962 12.4063
16.399999999999963 12.4869
16.499999999999964 12.567
16.599999999999966 12.6466
16.699999999999967 12.8043
16.799999999999969 12.8824
16.89999999999997 12.8824
16.999999999999972 12.8824
17.099999999999973 12.8824
17.199999999999974 13.0371
17.299999999999976 13.1138
17.399999999999977 13.1138
17.499999999999979 13.2659
17.59999999999998 13.3413
17.699999999999982 13.4163
17.799999999999983 13.4163
17.899999999999984 13.4163
17.999999999999986 13.4908
18.099999999999987 13.5649
18.199999999999989 13.6386
18.29999999999999 13.712
18.399999999999991 13.7849
18.499999999999993 13.8574
18.599999999999994 13.8574
18.699999999999996 13.9296
18.799999999999997 13.9296
18.899999999999999 13.9296
19 14.0728
19.100000000000001 14.1439
19.200000000000003 14.2146
19.300000000000004 14.2849
19.400000000000006 14.3549
19.500000000000007 14.3549
19.600000000000009 14.3549
19.70000000000001 14.4246
19.800000000000011 14.4939
19.900000000000013 14.5629
20.000000000000014 14.6316
20.100000000000016 14.6999
20.200000000000017 14.7679
20.300000000000018 14.8357
20.40000000000002 14.9031
20.500000000000021 14.9031
20.600000000000023 14.9031
20.700000000000024 14.9702
20.800000000000026 15.1035
20.900000000000027 15.1697
21.000000000000028 15.1697
21.10000000000003 15.3012
21.200000000000031 15.3666
21.300000000000033 15.3666
21.400000000000034 15.4317
21.500000000000036 15.4317
21.600000000000037 15.4317
21.700000000000038 15.561
21.80000000000004 15.561
21.900000000000041 7.7805
22.000000000000043 7.7805
22.100000000000044 7.7805
22.200000000000045 7.7805
22.300000000000047 7.7805
22.400000000000048 7.7805
22.50000000000005 7.7805
22.600000000000051 7.7805
22.700000000000053 7.7805
22.800000000000054 7.90902
22.900000000000055 7.90902
23.000000000000057 7.90902
23.100000000000058 7.90902
23.20000000000006 7.90902
23.300000000000061 8.03546
23.400000000000063 8.15991
23.500000000000064 8.28246
23.600000000000065 8.4032
23.700000000000067 8.4032
23.800000000000068 8.4032
23.90000000000007 8.4032
24.000000000000071 8.4032
24.100000000000072 8.5222
24.200000000000074 8.75529
24.300000000000075 8.8695
24.400000000000077 8.8695
24.500000000000078 8.8695
24.60000000000008 8.8695
24.700000000000081 8.8695
24.800000000000082 8.98225
24.900000000000084 9.09358
25.000000000000085 9.20355
25.100000000000087 9.3122
25.200000000000088 9.3122
25.30000000000009 9.3122
25.400000000000091 9.3122
25.500000000000092 9.3122
25.600000000000094 9.41959
25.700000000000095 9.52575
25.800000000000097 9.63073
25.900000000000098 9.73456
26.000000000000099 9.83729
26.100000000000101 9.83729
26.200000000000102 9.83729
26.300000000000104 9.83729
26.400000000000105 9.93894
26.500000000000107 10.0396
26.600000000000108 10.1392
26.700000000000109 10.2378
26.800000000000111 10.2378
26.900000000000112 10.3355
27.000000000000114 10.3355
27.100000000000115 10.3355
27.200000000000117 10.4322
27.300000000000118 10.5281
27.400000000000119 10.6231
27.500000000000121 10.7172
27.600000000000122 10.8105
27.700000000000124 10.8105
27.800000000000125 10.903
27.900000000000126 10.903
28.000000000000128 10.9947
28.100000000000129 10.9947
28.200000000000131 11.1759
28.300000000000132 11.2654
28.400000000000134 11.2654
28.500000000000135 11.3541
28.600000000000136 11.4422
28.700000000000138 11.4422
28.800000000000139 11.4422
28.900000000000141 11.5296
29.000000000000142 11.7024
29.100000000000144 11.7024
29.200000000000145 11.7879
29.300000000000146 11.8727
29.400000000000148 11.9569
29.500000000000149 11.9569
29.600000000000151 12.0406
29.700000000000152 12.1236
29.800000000000153 12.1236
29.900000000000155 12.288
30.000000000000156 12.3694
30.100000000000158 12.3694
30.200000000000159 12.4503
30.300000000000161 12.5306
30.400000000000162 12.6104
30.500000000000163 12.6104
30.600000000000165 12.6897
30.700000000000166 12.7685
30.800000000000168 12.8468
30.900000000000169 12.9246
31.000000000000171 12.9246
31.100000000000172 13.002
31.200000000000173 13.002
31.300000000000175 13.0789
31.400000000000176 13.1554
31.500000000000178 13.2314
31.600000000000179 13.307
31.70000000000018 13.3821
31.800000000000182 13.4568
31.900000000000183 13.4568
32.000000000000185 13.5312
32.100000000000186 13.5312
32.200000000000188 13.6051
32.300000000000189 13.6051
32.40000000000019 13.7517
32.500000000000192 13.8244
32.600000000000193 13.8967
32.700000000000195 13.9687
32.800000000000196 13.9687
32.900000000000198 14.0403
33.000000000000199 14.0403
33.1000000000002 14.1115
33.200000000000202 14.1115
33.300000000000203 14.1824
33.400000000000205 14.2529
33.500000000000206 14.323
33.600000000000207 14.3929
33.700000000000209 14.4623
33.80000000000021 14.5315
33.900000000000212 14.5315
34.000000000000213 14.6688
34.100000000000215 14.6688
34.200000000000216 14.6688
34.300000000000217 14.737
34.400000000000219 14.8724
34.50000000000022 14.9396
34.600000000000222 14.9396
34.700000000000223 15.0065
34.800000000000225 15.0732
34.900000000000226 15.0732
35.000000000000227 15.1395
35.100000000000229 15.2056
35.20000000000023 15.2713
35.300000000000232 15.3368
35.400000000000233 15.402
35.500000000000234 15.4669
35.600000000000236 15.5316
35.700000000000237 15.596
35.800000000000239 15.596
35.90000000000024 15.6601
36.000000000000242 15.6601
36.100000000000243 15.7876
36.200000000000244 15.7876
36.300000000000246 15.914
36.400000000000247 15.9768
36.500000000000249 15.9768
36.60000000000025 16.1018
36.700000000000252 16.1639
36.800000000000253 16.2874
36.900000000000254 16.3488
37.000000000000256 16.4709
37.100000000000257 16.5921
37.200000000000259 16.5921
37.30000000000026 16.5921
37.400000000000261 16.5921
37.500000000000263 16.7124
37.600000000000264 16.8318
37.700000000000266 16.9505
37.800000000000267 17.0682
37.900000000000269 17.0682
38.00000000000027 17.0682
38.100000000000271 17.0682
38.200000000000273 17.1852
38.300000000000274 17.3014
38.400000000000276 17.4168
38.500000000000277 17.4742
38.600000000000279 17.5315
38.70000000000028 17.5885
38.800000000000281 17.5885
38.900000000000283 17.6453
39.000000000000284 17.702
39.100000000000286 17.8148
39.200000000000287 17.9269
39.300000000000288 18.0383
39.40000000000029 18.0383
39.500000000000291 18.0937
39.600000000000293 18.0937
39.700000000000294 18.149
39.800000000000296 18.259
39.900000000000297 18.3684
40.000000000000298 18.4229
40.1000000000003 18.5313
40.200000000000301 18.5852
40.300000000000303 18.5852
40.400000000000304 18.639
40.500000000000306 18.6927
40.600000000000307 18.7462
40.700000000000308 18.8527
40.80000000000031 18.9586
40.900000000000311 19.064
41.000000000000313 19.064
41.100000000000314 19.1164
41.200000000000315 19.1164
41.300000000000317 19.2209
41.400000000000318 19.273
41.50000000000032 19.3248
41.600000000000321 19.4282
41.700000000000323 19.531
41.800000000000324 19.5822
41.900000000000325 19.6333
42.000000000000327 19.6842
42.100000000000328 19.6842
42.20000000000033 19.7857
42.300000000000331 19.8362
42.400000000000333 19.9369
42.500000000000334 19.9871
42.600000000000335 20.087
42.700000000000337 20.1368
42.800000000000338 20.1865
42.90000000000034 20.1865
43.000000000000341 20.236
43.100000000000342 20.3347
43.200000000000344 20.3839
43.300000000000345 20.4819
43.400000000000347 20.5307
43.500000000000348 20.628
43.60000000000035 20.6765
43.700000000000351 20.6765
43.800000000000352 20.7248
43.900000000000354 20.7248
44.000000000000355 20.8212
44.100000000000357 20.8693
44.200000000000358 20.965
44.30000000000036 21.0127
44.400000000000361 21.1078
44.500000000000362 21.1551
44.600000000000364 21.2024
44.700000000000365 21.2024
44.800000000000367 21.2496
44.900000000000368 21.3436
45.000000000000369 21.3904
45.100000000000371 21.4838
45.200000000000372 21.5304
45.300000000000374 21.5768
45.400000000000375 21.6694
45.500000000000377 21.6694
45.600000000000378 21.7156
45.700000000000379 21.7156
45.800000000000381 21.7616
45.900000000000382 21.8534
46.000000000000384 21.9449
46.100000000000385 21.9904
46.200000000000387 22.0813
46.300000000000388 22.1266
46.400000000000389 22.1266
46.500000000000391 22.1718
46.600000000000392 22.2169
46.700000000000394 22.3068
46.800000000000395 22.3964
46.900000000000396 22.4856
47.000000000000398 22.5744
47.100000000000399 22.5744
47.200000000000401 22.6187
47.300000000000402 22.6629
47.400000000000404 22.7511
47.500000000000405 22.8389
47.600000000000406 22.9264
47.700000000000408 23.0136
47.800000000000409 23.057
47.900000000000411 23.057
48.000000000000412 23.1004
48.100000000000414 23.1437
48.200000000000415 23.23
48.300000000000416 23.316
48.400000000000418 23.4017
48.500000000000419 23.4871
48.600000000000421 23.4871
48.700000000000422 23.5297
48.800000000000423 23.5722
48.900000000000425 23.657
49.000000000000426 23.6992
49.100000000000428 23.7414
49.200000000000429 23.8256
49.300000000000431 23.9095
49.400000000000432 23.9513
49.500000000000433 23.9513
49.600000000000435 23.993
49.700000000000436 24.0763
49.800000000000438 24.1179
49.900000000000439 24.1593
50.000000000000441 24.242
50.100000000000442 24.3245
50.200000000000443 24.3656
50.300000000000445 24.3656
50.400000000000446 24.4066
50.500000000000448 24.4885
50.600000000000449 24.5293
50.70000000000045 24.5701
50.800000000000452 24.6514
50.900000000000453 24.692
51.000000000000455 24.7325
51.100000000000456 24.7729
51.200000000000458 24.8133
51.300000000000459 24.8938
51.40000000000046 24.8938
51.500000000000462 24.934
51.600000000000463 25.0141
51.700000000000465 25.094
51.800000000000466 25.1339
51.900000000000468 25.1737
52.000000000000469 25.1737
52.10000000000047 25.2531
52.200000000000472 25.2927
52.300000000000473 25.3322
52.400000000000475 25.3717
52.500000000000476 25.4504
52.600000000000477 25.529
52.700000000000479 25.529
52.80000000000048 25.5681
52.900000000000482 25.6072
53.000000000000483 25.6853
53.100000000000485 25.7242
53.200000000000486 25.7242
53.300000000000487 25.8019
53.400000000000489 25.8407
53.50000000000049 25.918
53.600000000000492 25.9566
53.700000000000493 25.9566
53.800000000000495 26.0336
53.900000000000496 26.072
54.000000000000497 26.1104
54.100000000000499 26.1487
54.2000000000005 26.1869
54.300000000000502 26.2632
54.400000000000503 26.3013
54.500000000000504 26.3393
54.600000000000506 26.3393
54.700000000000507 26.4152
54.800000000000509 26.453
54.90000000000051 26.4908
55.000000000000512 26.5286
55.100000000000513 26.5663
55.200000000000514 26.6415
55.300000000000516 26.6791
55.400000000000517 26.7165
55.500000000000519 26.7165
55.60000000000052 26.7913
55.700000000000522 26.8287
55.800000000000523 26.8659
55.900000000000524 26.9403
56.000000000000526 26.9403
56.100000000000527 27.0145
56.200000000000529 27.0515
56.30000000000053 27.0885
56.400000000000531 27.0885
56.500000000000533 27.1623
56.600000000000534 27.1991
56.700000000000536 27.2359
56.800000000000537 27.2726
56.900000000000539 27.3093
57.00000000000054 27.3459
57.100000000000541 27.419
57.200000000000543 27.4554
57.300000000000544 27.4554
57.400000000000546 27.5282
57.500000000000547 27.5646
57.600000000000549 27.6008
57.70000000000055 27.6371
57.800000000000551 27.6733
57.900000000000553 27.7455
58.000000000000554 27.7455
58.100000000000556 27.7815
58.200000000000557 27.8175
58.300000000000558 27.8535
58.40000000000056 27.9252
58.500000000000561 27.9252
58.600000000000563 27.961
58.700000000000564 28.0325
58.800000000000566 28.0682
58.900000000000567 28.1038
59.000000000000568 28.1394
59.10000000000057 28.1749
59.200000000000571 28.1749
59.300000000000573 28.2459
59.400000000000574 28.2813
59.500000000000576 28.3166
59.600000000000577 28.3519
59.700000000000578 28.3872
59.80000000000058 28.4576
59.900000000000581 28.4928
60.000000000000583 28.4928
60.100000000000584 28.5279
60.200000000000585 28.5629
60.300000000000587 28.6329
60.400000000000588 28.6678
60.50000000000059 28.6678
60.600000000000591 28.7375
60.700000000000593 28.7723
60.800000000000594 28.8071
60.900000000000595 28.8418
61.000000000000597 28.8765
61.100000000000598 28.9457
61.2000000000006 29.0148
61.300000000000601 29.0836
61.400000000000603 29.118
61.500000000000604 29.1524
61.600000000000605 29.2209
61.700000000000607 29.2209
61.800000000000608 29.2893
61.90000000000061 29.3576
62.000000000000611 29.4257
62.100000000000612 29.4257
62.200000000000614 29.4936
62.300000000000615 29.5275
62.400000000000617 29.5614
62.500000000000618 29.5952
62.60000000000062 29.6627
62.700000000000621 29.7301
62.800000000000622 29.7638
62.900000000000624 29.7974
63.000000000000625 29.8309
63.100000000000627 29.8644
63.200000000000628 29.8979
63.30000000000063 29.9314
63.400000000000631 29.9982
63.500000000000632 30.0648
63.600000000000634 30.0981
63.700000000000635 30.1313
63.800000000000637 30.1645
63.900000000000638 30.2307
64.000000000000639 30.2638
64.100000000000634 30.2638
64.200000000000628 30.3299
64.300000000000622 30.3958
64.400000000000617 30.4287
64.500000000000611 30.4615
64.600000000000605 30.4944
64.7000000000006 30.5599
64.800000000000594 30.5926
64.900000000000588 30.6253
65.000000000000583 30.658
65.100000000000577 30.7232
65.200000000000571 30.7557
65.300000000000566 30.7882
65.40000000000056 30.8207
65.500000000000554 30.8856
65.600000000000549 30.918
65.700000000000543 30.918
65.800000000000537 30.9826
65.900000000000531 31.0149
66.000000000000526 31.0793
66.10000000000052 31.1115
66.200000000000514 31.1437
66.300000000000509 31.2078
66.400000000000503 31.2078
66.500000000000497 31.2399
66.600000000000492 31.2719
66.700000000000486 31.3358
66.80000000000048 31.3996
66.900000000000475 31.3996
67.000000000000469 31.4315
67.100000000000463 31.4951
67.200000000000458 31.5268
67.300000000000452 31.5585
67.400000000000446 31.5902
67.500000000000441 31.6219
67.600000000000435 31.6851
67.700000000000429 31.7166
67.800000000000423 31.7482
67.900000000000418 31.7797
68.000000000000412 31.8426
68.100000000000406 31.8426
68.200000000000401 31.874
68.300000000000395 31.9367
68.400000000000389 31.968
68.500000000000384 32.0305
68.600000000000378 32.0305
68.700000000000372 32.0618
68.800000000000367 32.0929
68.900000000000361 32.1552
69.000000000000355 32.1863
69.10000000000035 32.2174
69.200000000000344 32.2484
69.300000000000338 32.3104
69.400000000000333 32.3414
69.500000000000327 32.3723
69.600000000000321 32.4032
69.700000000000315 32.4032
69.80000000000031 32.4649
69.900000000000304 32.4957
70.000000000000298 32.5265
70.100000000000293 32.5879
70.200000000000287 32.6186
70.300000000000281 32.6493
70.400000000000276 32.6799
70.50000000000027 32.7105
70.600000000000264 32.7411
70.700000000000259 32.7716
70.800000000000253 32.8021
70.900000000000247 32.8021
71.000000000000242 32.8631
71.100000000000236 32.9239
71.20000000000023 32.9543
71.300000000000225 32.9846
71.400000000000219 33.0149
71.500000000000213 33.0452
71.600000000000207 33.0755
71.700000000000202 33.0755
71.800000000000196 33.1057
71.90000000000019 33.1661
72.000000000000185 33.2264
72.100000000000179 33.2565
72.200000000000173 33.2865
72.300000000000168 33.3166
72.400000000000162 33.3466
72.500000000000156 33.3466
72.600000000000151 33.3766
72.700000000000145 33.4065
72.800000000000139 33.4365
72.900000000000134 33.4963
73.000000000000128 33.5559
73.100000000000122 33.5857
73.200000000000117 33.5857
73.300000000000111 33.6155
73.400000000000105 33.6453
73.500000000000099 33.675
73.600000000000094 33.7047
73.700000000000088 33.7344
73.800000000000082 33.764
73.900000000000077 33.8232
74.000000000000071 33.8528
74.100000000000065 33.8823
74.20000000000006 33.9118
74.300000000000054 33.9413
74.400000000000048 33.9708
74.500000000000043 34.0002
74.600000000000037 34.0296
74.700000000000031 34.0296
74.800000000000026 34.0884
74.90000000000002 34.147
75.000000000000014 34.1763
75.100000000000009 34.2056
75.200000000000003 34.2056
75.299999999999997 34.2348
75.399999999999991 34.2932
75.499999999999986 34.3224
75.59999999999998 34.3806
75.699999999999974 34.4097
75.799999999999969 34.4678
75.899999999999963 34.4968
75.999999999999957 34.5258
76.099999999999952 34.5837
76.199999999999946 34.6126
76.29999999999994 34.6415
76.399999999999935 34.6992
76.499999999999929 34.7568
76.599999999999923 34.7856
76.699999999999918 34.8143
76.799999999999912 34.8431
76.899999999999906 34.8718
76.999999999999901 34.9004
77.099999999999895 34.9577
77.199999999999889 35.0149
77.299999999999883 35.0435
77.399999999999878 35.072
77.499999999999872 35.1005
77.599999999999866 35.1575
77.699999999999861 35.1575
77.799999999999855 35.1859
77.899999999999849 35.2427
77.999999999999844 35.2995
78.099999999999838 35.3561
78.199999999999832 35.3844
78.299999999999827 35.3844
78.399999999999821 35.4409
78.499999999999815 35.4409
78.59999999999981 35.4973
78.699999999999804 35.5536
78.799999999999798 35.5817
78.899999999999793 35.6379
78.999999999999787 35.6379
79.099999999999781 35.666
79.199999999999775 35.722
79.29999999999977 35.722
79.399999999999764 35.778
79.499999999999758 35.8339
79.599999999999753 35.8618
79.699999999999747 35.9175
79.799999999999741 35.9454
79.899999999999736 35.9732
79.99999999999973 36.001
80.099999999999724 36.001
80.199999999999719 36.0565
80.299999999999713 36.0843
80.399999999999707 36.1397
80.499999999999702 36.195
80.599999999999696 36.195
80.69999999999969 36.2226
80.799999999999685 36.2778
80.899999999999679 36.2778
80.999999999999673 36.3054
81.099999999999667 36.3604
81.199999999999662 36.4154
81.299999999999656 36.4429
81.39999999999965 36.4703
81.499999999999645 36.4977
81.599999999999639 36.5251
81.699999999999633 36.5525
81.799999999999628 36.5799
81.899999999999622 36.6072
81.999999999999616 36.6618
82.099999999999611 36.7164
82.199999999999605 36.7436
82.299999999999599 36.7708
82.399999999999594 36.798
82.499999999999588 36.8252
82.599999999999582 36.8252
82.699999999999577 36.8795
82.799999999999571 36.9066
82.899999999999565 36.9608
82.999999999999559 37.0149
83.099999999999554 37.0149
83.199999999999548 37.0419
83.299999999999542 37.0958
83.399999999999537 37.0958
83.499999999999531 37.1228
83.599999999999525 37.1497
83.69999999999952 37.2036
83.799999999999514 37.2304
83.899999999999508 37.2841
83.999999999999503 37.311
84.099999999999497 37.311
84.199999999999491 37.3645
84.299999999999486 37.3645
84.39999999999948 37.3913
84.499999999999474 37.4181
84.599999999999469 37.4715
84.699999999999463 37.4982
84.799999999999457 37.5515
84.899999999999451 37.5781
84.999999999999446 37.6047
85.09999999999944 37.6313
85.199999999999434 37.6313
85.299999999999429 37.6844
85.399999999999423 37.6844
85.499999999999417 37.7375
85.599999999999412 37.764
85.699999999999406 37.8169
85.7999999999994 37.8434
85.899999999999395 37.8434
85.999999999999389 37.8962
86.099999999999383 37.8962
86.199999999999378 37.949
86.299999999999372 37.9753
86.399999999999366 37.9753
86.499999999999361 38.028
86.599999999999355 38.0805
86.699999999999349 38.1068
86.799999999999343 38.1331
86.899999999999338 38.1593
86.999999999999332 38.1593
87.099999999999326 38.1855
87.199999999999321 38.2117
87.299999999999315 38.2378
87.399999999999309 38.264
87.499999999999304 38.3162
87.599999999999298 38.3423
87.699999999999292 38.3684
87.799999999999287 38.4205
87.899999999999281 38.4205
87.999999999999275 38.4205
88.09999999999927 38.4726
88.199999999999264 38.4986
88.299999999999258 38.5245
88.399999999999253 38.5505
88.499999999999247 38.6024
88.599999999999241 38.6283
88.699999999999235 38.6541
88.79999999999923 38.68
88.899999999999224 38.68
88.999999999999218 38.7059
89.099999999999213 38.7317
89.199999999999207 38.7575
89.299999999999201 38.8091
89.399999999999196 38.8349
89.49999999999919 38.8606
89.599999999999184 38.8864
89.699999999999179 38.9378
89.799999999999173 38.9378
89.899999999999167 38.9635
89.999999999999162 38.9891
90.099999999999156 39.0148
90.19999999999915 39.0404
90.299999999999145 39.0916
90.399999999999139 39.1428
90.499999999999133 39.1683
90.599999999999127 39.1938
90.699999999999122 39.2449
90.799999999999116 39.2703
90.89999999999911 39.3212
90.999999999999105 39.3721
91.099999999999099 39.3721
91.199999999999093 39.4229
91.299999999999088 39.4482
91.399999999999082 39.4736
91.499999999999076 39.4989
91.599999999999071 39.5495
91.699999999999065 39.6001
91.799999999999059 39.6253
91.899999999999054 39.6506
91.999999999999048 39.6758
92.099999999999042 39.701
92.199999999999037 39.7262
92.299999999999031 39.7765
92.399999999999025 39.8268
92.499999999999019 39.8519
92.599999999999014 39.877
92.699999999999008 39.9021
92.799999999999002 39.9522
92.899999999998997 39.9772
92.999999999998991 40.0022
93.099999999998985 40.0522
93.19999999999898 40.0772
93.299999999998974 40.1271
93.399999999998968 40.1271
93.499999999998963 40.152
93.599999999998957 40.2018
93.699999999998951 40.2266
93.799999999998946 40.2515
93.89999999999894 40.3012
93.999999999998934 40.326
94.099999999998929 40.3756
94.199999999998923 40.3756
94.299999999998917 40.4003
94.399999999998911 40.4498
94.499999999998906 40.4498
94.5999999999989 40.4993
94.699999999998894 40.5486
94.799999999998889 40.5733
94.899999999998883 40.5979
94.999999999998877 40.6226
95.099999999998872 40.6472
95.199999999998866 40.6718
95.29999999999886 40.6964
95.399999999998855 40.7455
95.499999999998849 40.77
95.599999999998843 40.7946
95.699999999998838 40.8436
95.799999999998832 40.8681
95.899999999998826 40.8925
95.99999999999882 40.917
96.099999999998815 40.9414
96.199999999998809 40.9659
96.299999999998803 40.9903
96.399999999998798 41.039
96.499999999998792 41.0634
96.599999999998786 41.1121
96.699999999998781 41.1121
96.799999999998775 41.1364
96.899999999998769 41.185
96.999999999998764 41.2093
97.099999999998758 41.2093
97.199999999998752 41.2578
97.299999999998747 41.2821
97.399999999998741 41.3305
97.499999999998735 41.3547
97.59999999999873 41.3547
97.699999999998724 41.403
97.799999999998718 41.4272
97.899999999998712 41.4513
97.999999999998707 41.4755
98.099999999998701 41.4996
98.199999999998695 41.5237
98.29999999999869 41.5718
98.399999999998684 41.5959
98.499999999998678 41.6199
98.599999999998673 41.6439
98.699999999998667 41.668
98.799999999998661 41.692
98.899999999998656 41.7159
98.99999999999865 41.7639
99.099999999998644 41.7639
99.199999999998639 41.8117
99.299999999998633 41.8357
99.399999999998627 41.8596
99.499999999998622 41.9073
99.599999999998616 41.9073
99.69999999999861 41.9312
99.799999999998604 41.955
99.899999999998599 41.9789
99.999999999998593 42.0027
100.09999999999859 42.0503
100.19999999999858 42.0741
100.29999999999858 42.0978
100.39999999999857 42.1216
100.49999999999856 42.1453
100.59999999999856 42.1691
100.69999999999855 42.1928
100.79999999999855 42.2165
100.89999999999854 42.2402
100.99999999999854 42.2875
101.09999999999853 42.3112
101.19999999999852 42.3112
101.29999999999852 42.3584
101.39999999999851 42.382
101.49999999999851 42.4056
101.5999999999985 42.4292
101.6999999999985 42.4528
101.79999999999849 42.4763
101.89999999999849 42.4999
101.99999999999848 42.5469
102.09999999999847 42.5469
102.19999999999847 42.5704
102.29999999999846 42.6174
102.39999999999846 42.6408
102.49999999999845 42.6643
102.59999999999845 42.6643
102.69999999999844 42.7112
102.79999999999843 42.7346
102.89999999999843 42.758
102.99999999999842 42.7814
103.09999999999842 42.7814
103.19999999999841 42.8281
103.29999999999841 42.8514
103.3999999999984 42.8748
103.49999999999839 42.8981
103.59999999999839 42.9447
103.69999999999838 42.9447
103.79999999999838 42.9913
103.89999999999837 43.0145
103.99999999999837 43.0145
104.09999999999836 43.061
104.19999999999835 43.0842
104.29999999999835 43.1074
104.39999999999834 43.1306
104.49999999999834 43.1538
104.59999999999833 43.177
104.69999999999833 43.2002
104.79999999999832 43.2464
104.89999999999831 43.2927
104.99999999999831 43.3389
105.0999999999983 43.3619
105.1999999999983 43.385
105.29999999999829 43.4311
105.39999999999829 43.4311
105.49999999999828 43.4771
105.59999999999827 43.5231
105.69999999999827 43.5461
105.79999999999826 43.5691
105.89999999999826 43.592
105.99999999999825 43.6379
106.09999999999825 43.6608
106.19999999999824 43.6608
106.29999999999824 43.7066
106.39999999999823 43.7523
106.49999999999822 43.798
106.59999999999822 43.8209
106.69999999999821 43.8209
106.79999999999821 43.8665
106.8999999999982 43.8893
106.9999999999982 43.9121
107.09999999999819 43.9576
107.19999999999818 43.9804
107.29999999999818 44.0258
107.39999999999817 44.0485
107.49999999999817 44.0712
107.59999999999816 44.1166
107.69999999999816 44.1166
107.79999999999815 44.1393
107.89999999999814 44.1846
107.99999999999814 44.2298
108.09999999999813 44.2524
108.19999999999813 44.275
108.29999999999812 44.2976
108.39999999999812 44.3428
108.49999999999811 44.3428
108.5999999999981 44.3653
108.6999999999981 44.4104
108.79999999999809 44.4554
108.89999999999809 44.4779
108.99999999999808 44.5004
109.09999999999808 44.5229
109.19999999999807 44.5453
109.29999999999806 44.5678
109.39999999999806 44.5902
109.49999999999805 44.635
109.59999999999805 44.6798
109.69999999999804 44.7022
109.79999999999804 44.7246
109.89999999999803 44.747
109.99999999999802 44.7693
110.09999999999802 44.7916
110.19999999999801 44.7916
110.29999999999801 44.8363
110.399999999998 44.8809
110.499999999998 44.9254
110.59999999999799 44.9477
110.69999999999798 44.9699
110.79999999999798 44.9922
110.89999999999797 45.0144
110.99999999999797 45.0144
111.09999999999796 45.0366
111.19999999999796 45.081
111.29999999999795 45.1254
111.39999999999795 45.1475
111.49999999999794 45.1697
111.59999999999793 45.1918
111.69999999999793 45.2361
111.79999999999792 45.2361
111.89999999999792 45.2582
111.99999999999791 45.2803
112.09999999999791 45.3244
112.1999999999979 45.3685
112.29999999999789 45.3685
112.39999999999789 45.3906
112.49999999999788 45.4346
112.59999999999788 45.4566
112.69999999999787 45.4786
112.79999999999787 45.4786
112.89999999999786 45.5006
112.99999999999785 45.5446
113.09999999999785 45.5885
113.19999999999784 45.6104
113.29999999999784 45.6104
113.39999999999783 45.6542
113.49999999999783 45.6761
113.59999999999782 45.698
113.69999999999781 45.7199
113.79999999999781 45.7199
113.8999999999978 45.7637
113.9999999999978 45.8073
114.09999999999779 45.8292
114.19999999999779 45.851
114.29999999999778 45.8728
114.39999999999777 45.8946
114.49999999999777 45.9164
114.59999999999776 45.9382
114.69999999999776 45.9382
114.79999999999775 45.9817
114.89999999999775 46.0252
114.99999999999774 46.0469
115.09999999999773 46.0469
115.19999999999773 46.0903
115.29999999999772 46.112
115.39999999999772 46.1337
115.49999999999771 46.1554
115.59999999999771 46.1554
115.6999999999977 46.1987
115.79999999999769 46.2204
115.89999999999769 46.242
115.99999999999768 46.2636
116.09999999999768 46.3068
116.19999999999767 46.3284
116.29999999999767 46.3284
116.39999999999766 46.35
116.49999999999766 46.3716
116.59999999999765 46.4147
116.69999999999764 46.4363
116.79999999999764 46.4578
116.89999999999763 46.4793
116.99999999999763 46.5008
117.09999999999762 46.5438
117.19999999999762 46.5438
117.29999999999761 46.5653
117.3999999999976 46.5868
117.4999999999976 46.6083
117.59999999999759 46.6297
117.69999999999759 46.6726
117.79999999999758 46.694
117.89999999999758 46.694
117.99999999999757 46.7368
118.09999999999756 46.7582
118.19999999999756 46.7796
118.29999999999755 46.801
118.39999999999755 46.801
118.49999999999754 46.8437
118.59999999999754 46.8651
118.69999999999753 46.8864
118.79999999999752 46.9077
118.89999999999752 46.9291
118.99999999999751 46.9717
119.09999999999751 46.9717
119.1999999999975 46.993
119.2999999999975 47.0142
119.39999999999749 47.0355
119.49999999999748 47.0568
119.59999999999748 47.0993
119.69999999999747 47.1205
119.79999999999747 47.1629
119.89999999999746 47.1841
119.99999999999746 47.2265
120.09999999999745 47.2477
120.19999999999744 47.2689
120.29999999999744 47.3112
120.39999999999743 47.3323
120.49999999999743 47.3534
120.59999999999742 47.3956
120.69999999999742 47.4378
120.79999999999741 47.4378
120.89999999999741 47.48
120.9999999999974 47.501
121.09999999999739 47.5431
121.19999999999739 47.5431
121.29999999999738 47.5852
121.39999999999738 47.6272
121.49999999999737 47.6482
121.59999999999737 47.6692
121.69999999999736 47.6902
121.79999999999735 47.7321
121.89999999999735 47.7531
121.99999999999734 47.774
122.09999999999734 47.8159
122.19999999999733 47.8368
122.29999999999733 47.8577
122.39999999999732 47.8786
122.49999999999731 47.9203
122.59999999999731 47.9412
122.6999999999973 47.9621
122.7999999999973 47.9829
122.89999999999729 48.0037
122.99999999999729 48.0454
123.09999999999728 48.0662
123.19999999999727 48.087
123.29999999999727 48.1286
123.39999999999726 48.1494
123.49999999999726 48.1701
123.59999999999725 48.1909
123.69999999999725 48.2324
123.79999999999724 48.2531
123.89999999999723 48.2739
123.99999999999723 48.2946
124.09999999999722 48.336
124.19999999999722 48.3567
124.29999999999721 48.3773
124.39999999999721 48.398
124.4999999999972 48.4187
124.59999999999719 48.46
124.69999999999719 48.4806
124.79999999999718 48.5012
124.89999999999718 48.5012
124.99999999999717 48.5012
